F 0
J 0 0 0 0 0 0 0 0 0 0 0 0 0 0 0 0 0 0 0 0 0 0 0 0 0 0 0 0 0 0 0 0 0 0 0 0 0 0 0 0
P 1.800000 0.120000 4.210000 1.800000 0.140000 3.950000 1.800000 0.200000 3.550000 1.800000 0.050000 4.650000 2.150000 0.120000 4.500000 1.990000 0.220000 3.450000 2.000000 0.150000 2.100000 3.150000 0.080000 4.320000 2.000000 0.200000 2.500000 1.950000 0.120000 4.130000 2.000000 0.200000 3.100000 2.750000 0.120000 4.300000 1.450000 0.120000 4.500000 1.610000 0.220000 3.450000 1.600000 0.150000 2.100000 0.450000 0.080000 4.320000 1.600000 0.200000 2.500000 1.650000 0.120000 4.130000 1.600000 0.200000 3.110000 0.850000 0.120000 4.300000 1.800000 0.160000 3.750000
Q 1.000000 0.000000 0.000000 0.000000 1.000000 0.000000 0.000000 0.000000 1.000000 0.000000 0.000000 0.000000 1.000000 0.000000 0.000000 0.000000 0.500000 0.500000 -0.500000 -0.500000 1.000000 0.000000 0.000000 0.000000 0.999048 0.000000 0.000000 -0.043619 1.000000 0.000000 0.000000 0.000000 0.999048 0.000000 0.000000 -0.043619 0.923000 -0.040299 0.382319 -0.016692 0.999048 0.000000 0.000000 -0.043619 1.000000 0.000000 0.000000 0.000000 0.500000 0.500000 0.500000 0.500000 1.000000 0.000000 0.000000 0.000000 0.999048 0.000000 0.000000 0.043619 1.000000 0.000000 0.000000 0.000000 0.999048 0.000000 0.000000 0.043619 0.923000 -0.040299 -0.382319 0.016692 0.999048 0.000000 0.000000 0.043619 1.000000 0.000000 0.000000 0.000000 1.000000 0.000000 0.000000 0.000000
L 0.000000 0.000000 0.000000 0.000000 0.000000 0.000000 0.000000 0.000000 0.000000 0.000000 0.000000 0.000000 0.000000 0.000000 0.000000 0.000000 0.000000 0.000000 0.000000 0.000000 0.000000 0.000000 0.000000 0.000000 0.000000 0.000000 0.000000 0.000000 0.000000 0.000000 0.000000 0.000000 0.000000 0.000000 0.000000 0.000000 0.000000 0.000000 0.000000 0.000000 0.000000 0.000000 0.000000 0.000000 0.000000 0.000000 0.000000 0.000000 0.000000 0.000000 0.000000 0.000000 0.000000 0.000000 0.000000 0.000000 0.000000 0.000000 0.000000 0.000000 0.000000 0.000000 0.000000
A 0.000000 0.000000 0.000000 0.000000 0.000000 0.000000 0.000000 0.000000 0.000000 0.000000 0.000000 0.000000 0.000000 0.000000 0.000000 0.000000 0.000000 0.000000 0.000000 0.000000 0.000000 0.000000 0.000000 0.000000 0.000000 0.000000 0.000000 0.000000 0.000000 0.000000 0.000000 0.000000 0.000000 0.000000 0.000000 0.000000 0.000000 0.000000 0.000000 0.000000 0.000000 0.000000 0.000000 0.000000 0.000000 0.000000 0.000000 0.000000 0.000000 0.000000 0.000000 0.000000 0.000000 0.000000 0.000000 0.000000 0.000000 0.000000 0.000000 0.000000 0.000000 0.000000 0.000000
J 0 0 0 0 0 0 0 0 0 0 0 0 0 0 0 0 0 0 0 0 0 0 0 0 0 0 0 0 0 0 0 0 0 0 0 0 0 0 0 0
P 1.800000 0.120000 4.210000 1.800000 0.140000 3.950000 1.800000 0.200000 3.550000 1.800000 0.050000 4.650000 2.150000 0.120000 4.500000 1.990000 0.220000 3.450000 2.000000 0.150000 2.100000 3.150000 0.080000 4.320000 2.000000 0.200000 2.500000 1.950000 0.120000 4.130000 2.000000 0.200000 3.100000 2.750000 0.120000 4.300000 1.450000 0.120000 4.500000 1.610000 0.220000 3.450000 1.600000 0.150000 2.100000 0.450000 0.080000 4.320000 1.600000 0.200000 2.500000 1.650000 0.120000 4.130000 1.600000 0.200000 3.110000 0.850000 0.120000 4.300000 1.800000 0.160000 3.750000
Q 1.000000 0.000000 0.000000 0.000000 1.000000 0.000000 0.000000 0.000000 1.000000 0.000000 0.000000 0.000000 1.000000 0.000000 0.000000 0.000000 0.500000 0.500000 -0.500000 -0.500000 1.000000 0.000000 0.000000 0.000000 0.999048 0.000000 0.000000 -0.043619 1.000000 0.000000 0.000000 0.000000 0.999048 0.000000 0.000000 -0.043619 0.923000 -0.040299 0.382319 -0.016692 0.999048 0.000000 0.000000 -0.043619 1.000000 0.000000 0.000000 0.000000 0.500000 0.500000 0.500000 0.500000 1.000000 0.000000 0.000000 0.000000 0.999048 0.000000 0.000000 0.043619 1.000000 0.000000 0.000000 0.000000 0.999048 0.000000 0.000000 0.043619 0.923000 -0.040299 -0.382319 0.016692 0.999048 0.000000 0.000000 0.043619 1.000000 0.000000 0.000000 0.000000 1.000000 0.000000 0.000000 0.000000
L 0.000000 0.000000 0.000000 0.000000 0.000000 0.000000 0.000000 0.000000 0.000000 0.000000 0.000000 0.000000 0.000000 0.000000 0.000000 0.000000 0.000000 0.000000 0.000000 0.000000 0.000000 0.000000 0.000000 0.000000 0.000000 0.000000 0.000000 0.000000 0.000000 0.000000 0.000000 0.000000 0.000000 0.000000 0.000000 0.000000 0.000000 0.000000 0.000000 0.000000 0.000000 0.000000 0.000000 0.000000 0.000000 0.000000 0.000000 0.000000 0.000000 0.000000 0.000000 0.000000 0.000000 0.000000 0.000000 0.000000 0.000000 0.000000 0.000000 0.000000 0.000000 0.000000 0.000000
A 0.000000 0.000000 0.000000 0.000000 0.000000 0.000000 0.000000 0.000000 0.000000 0.000000 0.000000 0.000000 0.000000 0.000000 0.000000 0.000000 0.000000 0.000000 0.000000 0.000000 0.000000 0.000000 0.000000 0.000000 0.000000 0.000000 0.000000 0.000000 0.000000 0.000000 0.000000 0.000000 0.000000 0.000000 0.000000 0.000000 0.000000 0.000000 0.000000 0.000000 0.000000 0.000000 0.000000 0.000000 0.000000 0.000000 0.000000 0.000000 0.000000 0.000000 0.000000 0.000000 0.000000 0.000000 0.000000 0.000000 0.000000 0.000000 0.000000 0.000000 0.000000 0.000000 0.000000
